image_width: 640
image_height: 480
camera_name: depth_PS1080_PrimeSense
camera_matrix:
  rows: 3
  cols: 3
  data: [565.2695624603796, 0, 314.1296062160945, 0, 565.3312508587377, 243.9241100612918, 0, 0, 1]
distortion_model: plumb_bob
distortion_coefficients:
  rows: 1
  cols: 5
  data: [-0.03156444392951799, 0.02040584944655197, -1.674105803167711e-06, -0.003475389044758521, 0]
rectification_matrix:
  rows: 3
  cols: 3
  data: [1, 0, 0, 0, 1, 0, 0, 0, 1]
projection_matrix:
  rows: 3
  cols: 4
  data: [560.5099487304688, 0, 312.1151630888744, 0, 0, 562.749755859375, 243.9574652593947, 0, 0, 0, 1, 0]