image_width: 640
image_height: 480
camera_name: rgb_PS1080_PrimeSense
camera_matrix:
  rows: 3
  cols: 3
  data: [533.3635069779773, 0, 318.9485627111907, 0, 531.4572763548472, 249.7184795235829, 0, 0, 1]
distortion_model: plumb_bob
distortion_coefficients:
  rows: 1
  cols: 5
  data: [0.03272855679582698, -0.1044009717888636, -0.0009744091754801871, 6.04916987886552e-05, 0]
rectification_matrix:
  rows: 3
  cols: 3
  data: [1, 0, 0, 0, 1, 0, 0, 0, 1]
projection_matrix:
  rows: 3
  cols: 4
  data: [532.4139404296875, 0, 318.9510363156296, 0, 0, 532.7381591796875, 249.4407383583784, 0, 0, 0, 1, 0]